theta = [-1.540514864
4.697902748
4.652663813
1.789398816
1.759536232
1.72925477
1.636944305
1.605877445
1.574828037
1.543813537
1.513095742
1.482465213
1.451834685
1.421727755
1.391498653
1.36126955
1.331302247
1.300828798
1.270774228
1.240021527
1.209356092
1.178009979
1.146489332
1.114183288
1.081563084
1.047982949
1.014053749
0.978867911
0.943350461
0.906332027
0.868912168
0.830008779
0.790250179
0.749217488
0.70692816
0.663609088
0.618649407
0.572939234
0.525553544
0.477155564
0.427413681
0.376450066
0.324526521
0.271328886
0.217537838
0.162717046
0.107337749
0.051399946
-0.004921828
-0.061400683
-0.117896991
-0.174323486
-0.230400915
-0.286146731
-0.341299135
-0.395840674
-0.449649175
4.616797297
4.562377931
3.913220169
3.860406506
3.808098988
3.75600091
3.704566057
3.65332319
3.602761002
3.552478066
3.502858355
3.453587711
3.404927931
3.35673939
3.309039542
3.261898199
3.215140828
3.169029229
3.123144523
3.077992856
3.032928454
2.988527278
2.944318088
2.900562684
2.857138892
2.813941993
2.77119888
2.72847322
2.686166439
2.643946924
2.601936849
2.560136213
2.518370484
2.476849101
2.435310265
2.393893602
2.352529299
2.311182449
2.269887959
2.228610922
2.187264072
2.145917222
2.104535465
2.063014082
2.021545059
1.979849144
1.386035772
1.353328302
1.319992513
1.286901071
0.985360536
0.952181827
0.918758772
0.885876768
0.85254098
0.819397177
0.785921762
0.752289267
0.71832516
0.683977081
0.649157762
0.613849751
0.577791249
0.541278961
0.503632209
0.465653844
0.426226857
0.38643335
0.345243579
0.303128784
0.260001699
0.215460896
0.170291775
0.123604218
0.076009089
0.027314403
-0.022619467
-0.073146749
-0.124808495
-0.177168372
-0.230156568
-0.28375563
-0.337616491
-0.391774057
-0.445949077
-0.500054284
-0.553827878
-0.607252407
-0.660100976
-0.712094335
-0.763564094
-0.81389939
-0.863309661
-0.911777455
-0.958779171
-1.005170023
-1.050112251
-1.093972375
-1.136855115
-1.178219418
-1.219164842
-1.258609283
-1.297425406
-1.335176878
-1.372055685
-1.408375987
-1.443631637
-1.478730209
-1.512729223
-1.546885316
4.703191095
3.166289063
3.119706225
2.815111364
2.774200846
2.7341979
2.694404393
2.655570817
2.616789601
2.578985769
2.541112124
2.504250771
2.467214884
2.431086568
2.394870986
2.359405896
2.323940806
2.28908658
2.254267262
2.219954089
2.185745635
2.151903701
2.118218847
2.084813245
2.051599629
2.018578
1.985783263
1.953110699
1.920699935
1.888324078
1.856227473
1.824113414
1.792313515
1.760443803
1.728870797
1.697210525
1.665846958
1.634361218
1.603119825
1.571826071
1.540671944
1.354427859
1.323465718
1.286639271
1.250563316
1.21438264
1.178236871
1.141934023
1.105648628
1.0691887
1.032711318
0.996024498
0.959285317
0.922336697
0.885265903
0.847968217
0.810530905
0.772814339
0.734888335
0.696683078
0.658233474
0.619434805
0.580374336
0.540912442
0.501188748
0.460993815
0.420537083
0.379504393
0.338262262
0.296356907
0.254277019
0.211446639
0.168511539
0.124773588
0.080913464
0.036302848
-0.008517207
-0.053983034
-0.09976302
-0.146049152
-0.192701803
-0.92373296
-0.973143231
-1.022501142
-1.412721856
-1.460753317
-1.508697512
-1.556414814
4.679123005
4.631719862
4.584351626
4.537227737
4.4901213
4.443241756
4.396344759
4.349639749
4.302934738
4.116865186
4.070474335
4.024100937
3.977744992
3.931423953
3.885120368
3.51518038
3.469051328
3.422974636
3.37693285
3.330978331
3.285093625
3.193655825
3.148172545
3.102759078
3.057589957
3.012508102
2.96775786
2.923059978
2.878746068
2.834519425
2.790694207
2.747008616
2.703706998
2.660614818
2.617889158
2.575442751
2.533293049
2.491544774
2.090921897
2.052350121
2.014214677
1.976149046
1.938467387
1.900855542
1.863557856
1.752485102
1.715833188
1.570080742
1.5338128
1.497684484
1.461521262
1.42546276
1.389369351
1.353310849
1.317252346
1.293620588
1.256986127
1.220438933
1.184118631
1.147833236
1.111827093
1.075786044
1.040024248
1.004210092
0.968622828
0.933018112
0.897587928
0.86219265
0.826902093
0.791681349
0.756512964
0.721414393
0.686350728
0.651356877
0.616380479
0.581473894
0.546567309
0.511713083
0.476858858
0.442004633
0.407167861
0.372313636
0.337459411
0.302587732
0.267698601
0.232774562
0.197815617
0.162839219
0.127793008
0.092729343
0.057560959
0.022410028
-0.012915436
-0.048171087
-0.083653631
-0.119101268
-0.154740891
-0.190415421
-0.226264484
-0.26218336
-0.298241863
-0.334422538
-0.370725386
2.933025808
2.885535399
2.839266721
2.793242388
2.748422333
2.703776811
2.660318112
2.616964134
2.574744619
2.532594918
2.491509867
2.450477176
2.410352057
2.370331657
2.331061749
2.291931467
2.253394597
2.215049714
2.177123709
2.139459504
2.102039645
2.064933945
2.027915511
1.99128105
1.954594229
1.918291381
1.881883813
1.845755497
1.809627182
1.773621039
1.73768471
1.701765834
1.665969131
1.630137521
1.594340818
1.558561569
1.522764866
1.48695071
1.4511191
1.415217677
1.379316255
1.343257752
1.30725161
1.271001121
1.234802992
1.198308158
1.161778417
1.125004329
1.088090616
1.050950009
1.013565057
0.975988118
0.938062113
3.032020883
2.995560955
2.959048667
2.923147244
2.887176009
2.851676012
2.816263281
2.78116471
2.746240671
2.711508619
2.677073273
2.642672834
2.608656366
2.574570086
2.540902685
2.507148017
2.473690055
2.440267
2.407053385
2.373909582
2.340887953
2.308023403
2.275176306
2.242538649
2.209866086
2.177402962
2.144887478
2.11251162
2.080153216
2.047864625
2.015628393
1.983409615
1.95126065
1.919111686
1.887015081
1.854901022
1.822839324
1.790760172
1.758681021
1.726601869
1.694487811
1.662356299
1.630207335
1.598023463
1.565804685
4.504799519
4.471306651
4.437743969
4.370548793
3.53818382
3.502072957
3.465787562
3.42946726
3.393007332
2.768057287
2.731649719
2.69539923
2.659340728
2.481142611
2.205363136
2.171643375
2.13822032
2.105024158
2.071862902
2.039033259
2.006238522
1.973635771
1.941329727
1.908953869
1.876892171
1.844882833
1.812978214
1.781352848
1.749622762
1.718154476
1.686721096
1.655357529
1.624185949
1.592962008
1.561895148
1.53084574
1.499848693
1.468938912
1.438029131
1.407189163
1.376349195
1.345544134
1.314756526
1.283968918
1.253198763
1.222446061
1.191641
1.160835939
1.130013424
1.09913855
1.068298582
1.037336441
1.0063743
0.975342346
0.944205672
0.913121358
0.881845058
0.850551304
0.819170284
0.787614732
-0.111421819
-0.146485484
-0.181653869
-0.216822253
-0.252095357
-0.287420821
-0.322763739
-0.358159016
-0.393571746
-0.428984477
-0.464397207
-0.499809938
-0.535205215
-0.570548132
-0.60589105
-0.641181607
4.581698726
4.548223311
4.514712989
4.345398599
4.288047079
3.828030648
3.770085717
3.712105879
3.654056229
3.596024031
3.538061646
3.480238888
3.422590663
3.365274051
3.308271597
3.251827649
3.195785127
3.140545456
3.085811931
3.03205579
2.978927967
2.926917156
2.875621929
2.825496073
2.776207975
2.728089247
2.680860638
2.634749039
2.589597371
2.545475448
2.502313455
2.460076487
2.418781997
2.378307812
2.338723744
2.299872715
2.261807084
2.224387225
2.187613138
2.151467369
2.115775386
2.080711721
2.045874949
2.011718856
1.977510402
1.943982627
1.91028032
1.877014344
1.843800728
1.810622019
1.777757469
1.74457876
1.711557131
1.678552955
1.645409152
1.612335163
1.57919136
1.546047558
1.512903756
1.47979486
1.446755777
1.413664334
1.380764878
1.347900328
1.314878699
1.282223588
1.249359038
1.216354862
1.183542672
1.15018943
1.117080534
1.08339568
1.049466479
1.015205666
0.980264174
0.945113243
0.908880208
0.872525
0.834721168
0.796812617
0.757176189
0.717312869
0.67554714
0.633379986
0.589118436
0.544298381
3.204424507
3.180757842
3.157143537
3.133738672
3.110281447
3.086911488
3.063716062
3.040450823
3.017272851
2.994269411
2.971161252
2.948157813
2.925293999
2.902325466
2.879461653
2.856720013
2.833873653
2.811132013
2.788460186
2.765718546
2.743046719
2.720427252
2.697790331
2.675170864
2.652586304
2.630001743
2.607417183
2.584867529
2.562300422
2.539733314
2.517166207
2.494616553
2.472031993
2.449447432
2.426862872
2.404243404
2.381641391
2.35900447
2.336332643
2.313660816
4.209821422
4.164774474
4.119779886
4.074942378
4.030157229
3.985459347
